2027,1,7,20:24:19,0
2027,2,6,15:56:03,0
2027,3,8,09:29:24,0
2027,4,6,23:51:05,0
2027,5,6,10:58:33,0
2027,6,4,19:40:15,0
2027,7,4,03:01:59,0
2027,8,2,10:05:08,0
2027,8,31,17:41:06,0
2027,9,30,02:36:00,0
2027,10,29,13:36:29,0
2027,11,28,03:24:21,0
2027,12,27,20:12:14,0
2028,1,26,15:12:26,0
2027,1,15,20:34:28,1
2027,2,14,07:58:25,1
2027,3,15,16:25:07,1
2027,4,13,22:56:33,1
2027,5,13,04:43:48,1
2027,6,11,10:56:02,1
2027,7,10,18:38:56,1
2027,8,9,04:54:05,1
2027,9,7,18:31:13,1
2027,10,7,11:47:18,1
2027,11,6,07:59:56,1
2027,12,6,05:22:04,1
2028,1,5,01:40:24,1
2027,1,22,12:17:18,2
2027,2,20,23:23:34,2
2027,3,22,10:43:43,2
2027,4,20,22:27:05,2
2027,5,20,10:58:56,2
2027,6,19,00:44:15,2
2027,7,18,15:44:49,2
2027,8,17,07:28:36,2
2027,9,15,23:03:26,2
2027,10,15,13:46:56,2
2027,11,14,03:25:51,2
2027,12,13,16:08:42,2
2028,1,12,04:03:00,2
2027,1,29,10:55:24,3
2027,2,28,05:16:25,3
2027,3,30,00:53:51,3
2027,4,28,20:17:46,3
2027,5,28,13:57:50,3
2027,6,27,04:54:16,3
2027,7,26,16:54:49,3
2027,8,25,02:27:16,3
2027,9,23,10:20:22,3
2027,10,22,17:29:04,3
2027,11,21,00:48:07,3
2027,12,20,09:10:50,3
