2025,1,29,12:35:55,0
2025,2,28,00:44:46,0
2025,3,29,10:57:47,0
2025,4,27,19:31:06,0
2025,5,27,03:02:17,0
2025,6,25,10:31:32,0
2025,7,24,19:11:07,0
2025,8,23,06:06:28,0
2025,9,21,19:54:04,0
2025,10,21,12:25:08,0
2025,11,20,06:47:13,0
2025,12,20,01:43:17,0
2026,1,18,19:51:55,0
2025,1,6,23:56:15,1
2025,2,5,08:02:07,1
2025,3,6,16:31:35,1
2025,4,5,02:14:37,1
2025,5,4,13:51:40,1
2025,6,3,03:40:53,1
2025,7,2,19:30:07,1
2025,8,1,12:41:16,1
2025,8,31,06:25:08,1
2025,9,29,23:53:45,1
2025,10,29,16:20:45,1
2025,11,28,06:58:44,1
2025,12,27,19:09:48,1
2026,1,26,04:47:21,1
2025,1,13,22:26:51,2
2025,2,12,13:53:20,2
2025,3,14,06:54:35,2
2025,4,13,00:22:12,2
2025,5,12,16:55:53,2
2025,6,11,07:43:46,2
2025,7,10,20:36:42,2
2025,8,9,07:54:59,2
2025,9,7,18:08:49,2
2025,10,7,03:47:33,2
2025,11,5,13:19:15,2
2025,12,4,23:14:01,2
2026,1,3,10:02:51,2
2025,1,21,20:30:45,3
2025,2,20,17:32:30,3
2025,3,22,11:29:23,3
2025,4,21,01:35:29,3
2025,5,20,11:58:41,3
2025,6,18,19:19:02,3
2025,7,18,00:37:36,3
2025,8,16,05:12:10,3
2025,9,14,10:32:53,3
2025,10,13,18:12:37,3
2025,11,12,05:28:04,3
2025,12,11,20:51:38,3
