2024,1,11,11:57:22,0
2024,2,9,22:59:08,0
2024,3,10,09:00:23,0
2024,4,8,18:20:49,0
2024,5,8,03:21:53,0
2024,6,6,12:37:41,0
2024,7,5,22:57:20,0
2024,8,4,11:12:59,0
2024,9,3,01:55:31,0
2024,10,2,18:49:14,0
2024,11,1,12:47:06,0
2024,12,1,06:21:23,0
2024,12,30,22:26:45,0
2025,1,29,12:35:55,0
2024,1,18,03:52:34,1
2024,2,16,15:00:55,1
2024,3,17,04:10:41,1
2024,4,15,19:13:03,1
2024,5,15,11:47:55,1
2024,6,14,05:18:23,1
2024,7,13,22:48:45,1
2024,8,12,15:18:45,1
2024,9,11,06:05:36,1
2024,10,10,18:55:05,1
2024,11,9,05:55:25,1
2024,12,8,15:26:34,1
2025,1,6,23:56:15,1
2024,1,25,17:53:57,2
2024,2,24,12:30:22,2
2024,3,25,07:00:16,2
2024,4,23,23:48:56,2
2024,5,23,13:53:05,2
2024,6,22,01:07:49,2
2024,7,21,10:17:05,2
2024,8,19,18:25:44,2
2024,9,18,02:34:24,2
2024,10,17,11:26:21,2
2024,11,15,21:28:29,2
2024,12,15,09:01:38,2
2025,1,13,22:26:51,2
2024,1,4,03:30:25,3
2024,2,2,23:17:57,3
2024,3,3,15:23:27,3
2024,4,2,03:14:40,3
2024,5,1,11:27:12,3
2024,5,30,17:12:36,3
2024,6,28,21:53:21,3
2024,7,28,02:51:30,3
2024,8,26,09:25:48,3
2024,9,24,18:49:49,3
2024,10,24,08:03:01,3
2024,11,23,01:27:52,3
2024,12,22,22:18:08,3
