2028,1,26,15:12:26,0
2028,2,25,10:37:20,0
2028,3,26,04:31:14,0
2028,4,24,19:46:50,0
2028,5,24,08:16:12,0
2028,6,22,18:27:26,0
2028,7,22,03:01:36,0
2028,8,20,10:43:45,0
2028,9,18,18:23:39,0
2028,10,18,02:56:43,0
2028,11,16,13:17:56,0
2028,12,16,02:06:13,0
2029,1,14,17:24:25,0
2028,1,5,01:40:24,1
2028,2,3,19:10:26,1
2028,3,4,09:02:19,1
2028,4,2,19:15:23,1
2028,5,2,02:25:39,1
2028,5,31,07:36:31,1
2028,6,29,12:10:31,1
2028,7,28,17:40:03,1
2028,8,27,01:35:47,1
2028,9,25,13:09:55,1
2028,10,25,04:53:05,1
2028,11,24,00:14:33,1
2028,12,23,21:44:52,1
2029,1,22,19:23:08,1
2028,1,12,04:03:00,2
2028,2,10,15:03:41,2
2028,3,11,01:06:00,2
2028,4,9,10:26:32,2
2028,5,8,19:48:50,2
2028,6,7,06:08:42,2
2028,7,6,18:10:42,2
2028,8,5,08:09:42,2
2028,9,3,23:47:29,2
2028,10,3,16:24:53,2
2028,11,2,09:17:16,2
2028,12,2,01:40:08,2
2028,12,31,16:48:25,2
2029,1,30,06:03:31,2
2028,1,18,19:25:54,3
2028,2,17,08:07:55,3
2028,3,17,23:22:46,3
2028,4,16,16:36:49,3
2028,5,16,10:43:00,3
2028,6,15,04:27:18,3
2028,7,14,20:56:28,3
2028,8,13,11:45:13,3
2028,9,12,00:45:40,3
2028,10,11,11:56:45,3
2028,11,9,21:25:47,3
2028,12,9,05:38:50,3
