2026,1,18,19:51:55,0
2026,2,17,12:01:05,0
2026,3,19,01:23:25,0
2026,4,17,11:51:44,0
2026,5,16,20:00:58,0
2026,6,15,02:54:05,0
2026,7,14,09:43:31,0
2026,8,12,17:36:39,0
2026,9,11,03:26:55,0
2026,10,10,15:50:01,0
2026,11,9,07:02:03,0
2026,12,9,00:51:47,0
2027,1,7,20:24:19,0
2026,1,26,04:47:21,1
2026,2,24,12:27:33,1
2026,3,25,19:17:38,1
2026,4,24,02:31:40,1
2026,5,23,11:10:52,1
2026,6,21,21:55:20,1
2026,7,21,11:05:32,1
2026,8,20,02:46:16,1
2026,9,18,20:43:42,1
2026,10,18,16:12:36,1
2026,11,17,11:47:45,1
2026,12,17,05:42:36,1
2027,1,15,20:34:28,1
2026,1,3,10:02:51,2
2026,2,1,22:09:10,2
2026,3,3,11:37:50,2
2026,4,2,02:11:54,2
2026,5,1,17:23:07,2
2026,5,31,08:45:08,2
2026,6,29,23:56:36,2
2026,7,29,14:35:37,2
2026,8,28,04:18:27,2
2026,9,26,16:48:58,2
2026,10,26,04:11:45,2
2026,11,24,14:53:29,2
2026,12,24,01:28:09,2
2027,1,22,12:17:18,2
2026,1,10,15:48:21,3
2026,2,9,12:43:04,3
2026,3,11,09:38:27,3
2026,4,10,04:51:34,3
2026,5,9,21:10:22,3
2026,6,8,10:00:26,3
2026,7,7,19:28:55,3
2026,8,6,02:21:25,3
2026,9,4,07:51:09,3
2026,10,3,13:24:58,3
2026,11,1,20:28:22,3
2026,12,1,06:08:35,3
2026,12,30,18:59:26,3
