2023,1,21,20:53:13,0
2023,2,20,07:05:48,0
2023,3,21,17:23:06,0
2023,4,20,04:12:29,0
2023,5,19,15:53:14,0
2023,6,18,04:37:06,0
2023,7,17,18:31:46,0
2023,8,16,09:38:07,0
2023,9,15,01:39:45,0
2023,10,14,17:55:07,0
2023,11,13,09:27:22,0
2023,12,12,23:32:00,0
2024,1,11,11:57:22,0
2023,1,28,15:18:45,1
2023,2,27,08:05:36,1
2023,3,29,02:32:20,1
2023,4,27,21:19:52,1
2023,5,27,15:22:13,1
2023,6,26,07:49:40,1
2023,7,25,22:06:45,1
2023,8,24,09:57:13,1
2023,9,22,19:31:45,1
2023,10,22,03:29:24,1
2023,11,20,10:49:50,1
2023,12,19,18:39:11,1
2024,1,18,03:52:34,1
2023,1,6,23:07:52,2
2023,2,5,18:28:31,2
2023,3,7,12:40:19,2
2023,4,6,04:34:29,2
2023,5,5,17:34:01,2
2023,6,4,03:41:41,2
2023,7,3,11:38:38,2
2023,8,1,18:31:36,2
2023,8,31,01:35:34,2
2023,9,29,09:57:29,2
2023,10,28,20:24:00,2
2023,11,27,09:16:17,2
2023,12,27,00:33:10,2
2024,1,25,17:53:57,2
2023,1,15,02:10:18,3
2023,2,13,16:00:42,3
2023,3,15,02:08:15,3
2023,4,13,09:11:21,3
2023,5,12,14:28:14,3
2023,6,10,19:31:19,3
2023,7,10,01:47:50,3
2023,8,8,10:28:23,3
2023,9,6,22:21:03,3
2023,10,6,13:47:40,3
2023,11,5,08:36:45,3
2023,12,5,05:49:13,3
