2030,1,4,02:49:26,0
2030,2,2,16:07:24,0
2030,3,4,06:34:33,0
2030,4,2,22:02:25,0
2030,5,2,14:12:01,0
2030,6,1,06:21:12,0
2030,6,30,21:34:20,0
2030,7,30,11:10:51,0
2030,8,28,23:07:13,0
2030,9,27,09:54:32,0
2030,10,26,20:16:51,0
2030,11,25,06:46:21,0
2030,12,24,17:32:05,0
2031,1,23,04:30:52,0
2030,1,11,14:05:57,1
2030,2,10,11:49:19,1
2030,3,12,08:47:29,1
2030,4,11,02:56:46,1
2030,5,10,17:11:21,1
2030,6,9,03:35:36,1
2030,7,8,11:01:44,1
2030,8,6,16:42:34,1
2030,9,4,21:55:27,1
2030,10,4,03:56:02,1
2030,11,2,11:55:52,1
2030,12,1,22:56:44,1
2030,12,31,13:36:01,1
2031,1,30,07:42:58,1
2030,1,19,15:54:15,2
2030,2,18,06:19:42,2
2030,3,19,17:56:22,2
2030,4,18,03:19:54,2
2030,5,17,11:19:01,2
2030,6,15,18:40:52,2
2030,7,15,02:11:51,2
2030,8,13,10:44:15,2
2030,9,11,21:17:47,2
2030,10,11,10:46:42,2
2030,11,10,03:30:10,2
2030,12,9,22:40:20,2
2031,1,8,18:25:42,2
2030,1,26,18:14:19,3
2030,2,25,01:57:36,3
2030,3,26,09:51:16,3
2030,4,24,18:38:51,3
2030,5,24,04:57:19,3
2030,6,22,17:19:33,3
2030,7,22,08:07:26,3
2030,8,21,01:15:18,3
2030,9,19,19:56:23,3
2030,10,19,14:50:14,3
2030,11,18,08:32:13,3
2030,12,18,00:01:04,3
