2029,1,14,17:24:25,0
2029,2,13,10:31:25,0
2029,3,15,04:19:09,0
2029,4,13,21:40:04,0
2029,5,13,13:42:01,0
2029,6,12,03:50:25,0
2029,7,11,15:50:56,0
2029,8,10,01:55:40,0
2029,9,8,10:44:15,0
2029,10,7,19:14:26,0
2029,11,6,04:24:00,0
2029,12,5,14:52:01,0
2030,1,4,02:49:26,0
2029,1,22,19:23:08,1
2029,2,21,15:09:48,1
2029,3,23,07:33:02,1
2029,4,21,19:50:02,1
2029,5,21,04:16:02,1
2029,6,19,09:54:00,1
2029,7,18,14:14:12,1
2029,8,16,18:55:12,1
2029,9,15,01:29:10,1
2029,10,14,11:08:46,1
2029,11,13,00:35:10,1
2029,12,12,17:49:23,1
2030,1,11,14:05:57,1
2029,1,30,06:03:31,2
2029,2,28,17:10:09,2
2029,3,30,02:26:18,2
2029,4,28,10:36:41,2
2029,5,27,18:37:23,2
2029,6,26,03:22:13,2
2029,7,25,13:35:38,2
2029,8,24,01:51:06,2
2029,9,22,16:29:11,2
2029,10,22,09:27:27,2
2029,11,21,04:02:51,2
2029,12,20,22:46:24,2
2030,1,19,15:54:15,2
2029,1,7,13:26:17,3
2029,2,5,21:52:07,3
2029,3,7,07:51:30,3
2029,4,5,19:51:29,3
2029,5,5,09:47:59,3
2029,6,4,01:18:44,3
2029,7,3,17:57:23,3
2029,8,2,11:15:16,3
2029,9,1,04:32:57,3
2029,9,30,20:56:44,3
2029,10,30,11:32:10,3
2029,11,28,23:47:42,3
2029,12,28,09:48:59,3
