2020,1,3,04:45:00,1
2020,1,10,19:21:00,2
2020,1,17,12:58:00,3
2020,1,24,21:42:00,0
2020,2,2,01:42:00,1
2020,2,9,07:33:00,2
2020,2,15,22:17:00,3
2020,2,23,15:32:00,0
2020,3,2,19:57:00,1
2020,3,9,17:48:00,2
2020,3,16,09:34:00,3
2020,3,24,09:28:00,0
2020,4,1,10:21:00,1
2020,4,8,02:35:00,2
2020,4,14,22:56:00,3
2020,4,23,02:26:00,0
2020,4,30,20:38:00,1
2020,5,7,10:45:00,2
2020,5,14,14:03:00,3
2020,5,22,17:39:00,0
2020,5,30,03:30:00,1
2020,6,5,19:12:00,2
2020,6,13,06:24:00,3
2020,6,21,06:41:00,0
2020,6,28,08:16:00,1
2020,7,5,04:44:00,2
2020,7,12,23:29:00,3
2020,7,20,17:33:00,0
2020,7,27,12:32:00,1
2020,8,3,15:59:00,2
2020,8,11,16:45:00,3
2020,8,19,02:42:00,0
2020,8,25,17:58:00,1
2020,9,2,05:22:00,2
2020,9,10,09:26:00,3
2020,9,17,11:00:00,0
2020,9,24,01:55:00,1
2020,10,1,21:05:00,2
2020,10,10,00:40:00,3
2020,10,16,19:31:00,0
2020,10,23,13:23:00,1
2020,10,31,14:49:00,2
2020,11,8,13:46:00,3
2020,11,15,05:07:00,0
2020,11,22,04:45:00,1
2020,11,30,09:30:00,2
2020,12,8,00:37:00,3
2020,12,14,16:17:00,0
2020,12,21,23:41:00,1
2020,12,30,03:28:00,2
2021,1,6,09:37:00,3
2021,1,13,05:00:00,0
2021,1,20,21:02:00,1
2021,1,28,19:16:00,2
2021,2,4,17:37:00,3
2021,2,11,19:06:00,0
2021,2,19,18:47:00,1
2021,2,27,08:17:00,2
2021,3,6,01:30:00,3
2021,3,13,10:21:00,0
2021,3,21,14:40:00,1
2021,3,28,18:48:00,2
2021,4,4,10:02:00,3
2021,4,12,02:31:00,0
2021,4,20,06:59:00,1
2021,4,27,03:31:00,2
2021,5,3,19:50:00,3
2021,5,11,19:00:00,0
2021,5,19,19:13:00,1
2021,5,26,11:14:00,2
2021,6,2,07:24:00,3
2021,6,10,10:53:00,0
2021,6,18,03:54:00,1
2021,6,24,18:40:00,2
2021,7,1,21:11:00,3
2021,7,10,01:17:00,0
2021,7,17,10:11:00,1
2021,7,24,02:37:00,2
2021,7,31,13:16:00,3
2021,8,8,13:50:00,0
2021,8,15,15:20:00,1
2021,8,22,12:02:00,2
2021,8,30,07:13:00,3
2021,9,7,00:52:00,0
2021,9,13,20:39:00,1
2021,9,20,23:55:00,2
2021,9,29,01:57:00,3
2021,10,6,11:05:00,0
2021,10,13,03:25:00,1
2021,10,20,14:57:00,2
2021,10,28,20:05:00,3
2021,11,4,21:15:00,0
2021,11,11,12:46:00,1
2021,11,19,08:58:00,2
2021,11,27,12:28:00,3
2021,12,4,07:43:00,0
2021,12,11,01:36:00,1
2021,12,19,04:36:00,2
2021,12,27,02:24:00,3
2022,1,2,18:34:00,0
2022,1,9,18:11:00,1
2022,1,17,23:49:00,2
2022,1,25,13:41:00,3
2022,2,1,05:46:00,0
2022,2,8,13:50:00,1
2022,2,16,16:57:00,2
2022,2,23,22:32:00,3
2022,3,2,17:35:00,0
2022,3,10,10:45:00,1
2022,3,18,07:18:00,2
2022,3,25,05:37:00,3
2022,4,1,06:24:00,0
2022,4,9,06:48:00,1
2022,4,16,18:55:00,2
2022,4,23,11:56:00,3
2022,4,30,20:28:00,0
2022,5,9,00:21:00,1
2022,5,16,04:14:00,2
2022,5,22,18:43:00,3
2022,5,30,11:30:00,0
2022,6,7,14:48:00,1
2022,6,14,11:52:00,2
2022,6,21,03:11:00,3
2022,6,29,02:52:00,0
2022,7,7,02:14:00,1
2022,7,13,18:37:00,2
2022,7,20,14:18:00,3
2022,7,28,17:55:00,0
2022,8,5,11:07:00,1
2022,8,12,01:36:00,2
2022,8,19,04:36:00,3
2022,8,27,08:17:00,0
2022,9,3,18:08:00,1
2022,9,10,09:59:00,2
2022,9,17,21:52:00,3
2022,9,25,21:54:00,0
2022,10,3,00:14:00,1
2022,10,9,20:55:00,2
2022,10,17,17:15:00,3
2022,10,25,10:49:00,0
2022,11,1,06:37:00,1
2022,11,8,11:02:00,2
2022,11,16,13:27:00,3
2022,11,23,22:57:00,0
2022,11,30,14:36:00,1
2022,12,8,04:08:00,2
2022,12,16,08:56:00,3
2022,12,23,10:17:00,0
2022,12,30,01:21:00,1
2023,1,6,23:08:00,2
2023,1,15,02:10:00,3
2023,1,21,20:53:00,0
2023,1,28,15:19:00,1
2023,2,5,18:29:00,2
2023,2,13,16:01:00,3
2023,2,20,07:06:00,0
2023,2,27,08:06:00,1
2023,3,7,12:40:00,2
2023,3,15,02:08:00,3
2023,3,21,17:23:00,0
2023,3,29,02:32:00,1
2023,4,6,04:35:00,2
2023,4,13,09:11:00,3
2023,4,20,04:12:00,0
2023,4,27,21:20:00,1
2023,5,5,17:34:00,2
2023,5,12,14:28:00,3
2023,5,19,15:53:00,0
2023,5,27,15:22:00,1
2023,6,4,03:42:00,2
2023,6,10,19:31:00,3
2023,6,18,04:37:00,0
2023,6,26,07:50:00,1
2023,7,3,11:39:00,2
2023,7,10,01:48:00,3
2023,7,17,18:32:00,0
2023,7,25,22:07:00,1
2023,8,1,18:31:00,2
2023,8,8,10:28:00,3
2023,8,16,09:38:00,0
2023,8,24,09:57:00,1
2023,8,31,01:35:00,2
2023,9,6,22:21:00,3
2023,9,15,01:40:00,0
2023,9,22,19:32:00,1
2023,9,29,09:57:00,2
2023,10,6,13:48:00,3
2023,10,14,17:55:00,0
2023,10,22,03:29:00,1
2023,10,28,20:24:00,2
2023,11,5,08:37:00,3
2023,11,13,09:27:00,0
2023,11,20,10:50:00,1
2023,11,27,09:16:00,2
2023,12,5,05:49:00,3
2023,12,12,23:32:00,0
2023,12,19,18:39:00,1
2023,12,27,00:33:00,2
2024,1,4,03:30:00,3
2024,1,11,11:57:00,0
2024,1,18,03:53:00,1
2024,1,25,17:54:00,2
2024,2,2,23:18:00,3
2024,2,9,22:59:00,0
2024,2,16,15:01:00,1
2024,2,24,12:30:00,2
2024,3,3,15:24:00,3
2024,3,10,09:00:00,0
2024,3,17,04:11:00,1
2024,3,25,07:00:00,2
2024,4,2,03:15:00,3
2024,4,8,18:21:00,0
2024,4,15,19:13:00,1
2024,4,23,23:49:00,2
2024,5,1,11:27:00,3
2024,5,8,03:22:00,0
2024,5,15,11:48:00,1
2024,5,23,13:53:00,2
2024,5,30,17:13:00,3
2024,6,6,12:38:00,0
2024,6,14,05:18:00,1
2024,6,22,01:08:00,2
2024,6,28,21:53:00,3
2024,7,5,22:57:00,0
2024,7,13,22:49:00,1
2024,7,21,10:17:00,2
2024,7,28,02:51:00,3
2024,8,4,11:13:00,0
2024,8,12,15:19:00,1
2024,8,19,18:26:00,2
2024,8,26,09:26:00,3
2024,9,3,01:55:00,0
2024,9,11,06:06:00,1
2024,9,18,02:34:00,2
2024,9,24,18:50:00,3
2024,10,2,18:49:00,0
2024,10,10,18:55:00,1
2024,10,17,11:26:00,2
2024,10,24,08:03:00,3
2024,11,1,12:47:00,0
2024,11,9,05:56:00,1
2024,11,15,21:29:00,2
2024,11,23,01:28:00,3
2024,12,1,06:21:00,0
2024,12,8,15:27:00,1
2024,12,15,09:02:00,2
2024,12,22,22:18:00,3
2024,12,30,22:27:00,0
2025,1,6,23:56:00,1
2025,1,13,22:27:00,2
2025,1,21,20:31:00,3
2025,1,29,12:36:00,0
2025,2,5,08:02:00,1
2025,2,12,13:53:00,2
2025,2,20,17:33:00,3
2025,2,28,00:45:00,0
2025,3,6,16:32:00,1
2025,3,14,06:55:00,2
2025,3,22,11:30:00,3
2025,3,29,10:58:00,0
2025,4,5,02:15:00,1
2025,4,13,00:22:00,2
2025,4,21,01:36:00,3
2025,4,27,19:31:00,0
2025,5,4,13:52:00,1
2025,5,12,16:56:00,2
2025,5,20,11:59:00,3
2025,5,27,03:02:00,0
2025,6,3,03:41:00,1
2025,6,11,07:44:00,2
2025,6,18,19:19:00,3
2025,6,25,10:31:00,0
2025,7,2,19:30:00,1
2025,7,10,20:37:00,2
2025,7,18,00:38:00,3
2025,7,24,19:11:00,0
2025,8,1,12:41:00,1
2025,8,9,07:55:00,2
2025,8,16,05:12:00,3
2025,8,23,06:06:00,0
2025,8,31,06:25:00,1
2025,9,7,18:09:00,2
2025,9,14,10:33:00,3
2025,9,21,19:54:00,0
2025,9,29,23:54:00,1
2025,10,7,03:47:00,2
2025,10,13,18:13:00,3
2025,10,21,12:25:00,0
2025,10,29,16:21:00,1
2025,11,5,13:19:00,2
2025,11,12,05:28:00,3
2025,11,20,06:47:00,0
2025,11,28,06:59:00,1
2025,12,4,23:14:00,2
2025,12,11,20:52:00,3
2025,12,20,01:43:00,0
2025,12,27,19:10:00,1
